0 0.8156017265625 0.7200692890625 0.866691259375 0.7391815687500001 0.9436901703125 0.71864955625 0.9878441328124999 0.4989903671875 0.9916990968749999 0.3333653671875 0.9453696109375 0.31101889374999997 0.8921082328125 0.3181147671875 0.8705867015625 0.3705406671875 0.8156017265625 0.7200692890625
0 0.7744245445498258 0.6105406164538187 0.17279202830409765 0.445969729482778
0 0.6620167699485412 0.5421017006099994 0.14717377925402814 0.418825348023889
0 0.6252662248300345 0.30948987557187446 0.1175524823325695 0.08550370174736122
0 0.5380896138883676 0.498917357904444 0.14953505983923635 0.38608558320625014
0 0.4878694487101384 0.610182819435451 0.14808166261277816 0.3907367156150695
0 0.43950729673402744 0.4738829499444093 0.1259884570656947 0.3808525693385418
0 0.3381603894395829 0.6011741081887845 0.16392486815986143 0.40047539152687506
0 0.2240803588543745 0.5710346261405553 0.168321427430417 0.38808449430041686
0 0.30537064570784694 0.36612761417270806 0.144479964665139 0.16889808320625016
0 0.0959450135833679 0.5593912241644443 0.1918900271667358 0.4312175516711113