0 1 0.44096843124999996 0.9654580890625001 0.26457494531250003 0.88856830625 0.24537951875 0.8373605515625 0.2653919421875 0.8903175531249999 0.6141022484375 0.91153670625 0.666173546875 0.9647639828125 0.67234199375 1 0.654775671875 1 0.44096843124999996
0 0.7955399655007057 0.37568438133520693 0.17021841152294623 0.44313289734428024
0 0.6827184115229462 0.44611453512239485 0.1447547613607904 0.4164249515990063
0 0.644608305596022 0.6794628454272452 0.11707049756436802 0.08348518657189175
0 0.5585229809219813 0.49148105639602546 0.14730701704283328 0.38363063231716554
0 0.5089439464259823 0.3810475504440971 0.1458263376596843 0.388309041958086
0 0.45978151785361215 0.5182475685944696 0.12378769642598222 0.37880677693097126
0 0.35916213473758496 0.39267487597245376 0.1616149788933864 0.3977749455488822
0 0.24489112905554214 0.42481923458010185 0.16608429058178364 0.385302216626121
0 0.3249991891190863 0.6283896621750031 0.14351599512873606 0.1664431323171655
0 0.10765022767557038 0.4388630329810955 0.2074456761334428 0.4277260659621911