0 0.13805219866594753 0.3086879753204107 0.27610439733189507 0.32161213828925295
0 0.8419706575086604 0.28720474556919473 0.2998450282669882 0.3348760301218848
0 0.7478156230216355 0.13452866807186575 0.143245388964152 0.054910733209777
0 0.6073510753056277 0.12149793313280824 0.14192855042954128 0.05954366950744618
0 0.6000730845778819 0.30500983757931194 0.2601274310259504 0.32101193756361346
0 0.3630134978522934 0.2602603658870983 0.26628889981828585 0.3493006286706061
0 0.783027268205824 0.563759811085624 0.2563473337849125 0.3084028101589517
0 0.5684291796712133 0.5665748201561167 0.2256771879233554 0.2886160998146655
0 0.3514873411366025 0.5694716747801057 0.2380134136130959 0.2859276094333124
0 0.13997330902442695 0.5729588064459368 0.23620525214770657 0.2811855457309814
0 0.722020089893407 0.8052950358578806 0.21089099163225705 0.21479665389834962
0 0.5375189371344451 0.7992608345840871 0.20109991180407363 0.23628970798203355
0 0.3437689371344451 0.8060267336731132 0.20455246042459257 0.24264883538669543
0 0.15840464722035338 0.801582314250485 0.2038973631835545 0.23014883538669545