0 0.835126445831498 0.309140070558387 0.2718502404661713 0.3140180899662962
0 0.13870534673462262 0.31636482250329456 0.27741069346924524 0.32664535499341085
0 0.23812993865992188 0.1595194039835796 0.1423710384745874 0.05081813231716561
0 0.38016367123672673 0.14072797648687424 0.14097222958157998 0.055496541958085996
0 0.37140868621285117 0.3243353620254936 0.2546627404661711 0.3139180960164204
0 0.6131076020921002 0.2698149919067724 0.26033238710812656 0.34207036709365923
0 0.16525785681660562 0.5911057472695255 0.25110123084752434 0.30139991529826116
0 0.3802652979235982 0.585168322896078 0.220758966419554 0.2824771984757485
0 0.5976164890305908 0.5792172629840111 0.23314983901489228 0.27942492134838515
0 0.8094716482864179 0.5740792693287229 0.2314236479079 0.27472833098930566
0 0.20531982850881927 0.8306676961380575 0.20725697241000382 0.20897606596219093
0 0.3909125881274661 0.8170904885871227 0.1970833642426358 0.23078743344863356
0 0.5846625881274662 0.8159632840612501 0.20042661905195908 0.23705561416679294
0 0.7709820340437821 0.8039440313307755 0.19999010943331258 0.22455561416679296