0 0.646875 0.9351948020369074 0.20625 0.12961039592618526
0 0.76640625 0.5628241941040406 0.1484375 0.2876647266868172
0 0.63125 0.6010952587523597 0.096875 0.21675224267981755
0 0.4578125 0.5943896307288152 0.24375 0.3184612880330892
0 0.2375 0.5371385626989076 0.253125 0.2529453760343621
0 0.0625 0.45307100334181777 0.125 0.2530170066836355
0 0.09609375 0.19955565201304487 0.1921875 0.29286130402608973
0 0.725 0.5131236387650864 0.15625 0.12369313335454457
0 0.5859375 0.4208805000795418 0.11875 0.1857567813494539
0 0.51015625 0.37468620540258774 0.1296875 0.16713405068427195
0 0.3328125 0.34371637404517974 0.10625 0.20904883068109026
0 0.2203125 0.30334481802990776 0.190625 0.2631556226925443
0 0.28125 0.14311639003818005 0.15625 0.20650563335454447
0 0.42890625 0.24327202605822457 0.1421875 0.1813420013526355
0 0.553125 0.25174869207508743 0.125 0.1389545066836356
0 0.6984375 0.2393770560948138 0.31875 0.3068339920432708
0 0.76875 0.19800771610435883 0.309375 0.30047490404199806