0 0.355894514334456 0.06360365381353153 0.21178902866891205 0.12720730762706306
0 0.2517706774134988 0.4379364765015371 0.16008856030357368 0.29112105172143127
0 0.3853034190105418 0.393372966249918 0.10566104547482605 0.2190079495445131
0 0.558931919999125 0.392003895291193 0.2566107332312672 0.3241369375636135
0 0.7814727648659285 0.4389979132625424 0.26331171939110265 0.25883931977759855
0 0.9460950444862428 0.5149180286014865 0.10780991102751436 0.25592759618646854
0 0.9172763192008222 0.7699973982016 0.16544736159835552 0.29733633538669507
0 0.29518243779362213 0.48570928838976946 0.16121602570316257 0.12733137023308566
0 0.4379376235728968 0.5714781188823232 0.12626270555093821 0.1885218413771451
0 0.5155652164625342 0.6141442793192767 0.1364362015966055 0.170153787293461
0 0.6940868058921305 0.6368575491047246 0.11471771049385407 0.21152283175849823
0 0.8081784807969902 0.671991462536903 0.20125738836446344 0.2675942716843645
0 0.7537986814050125 0.8350569469278064 0.16459037650146513 0.21014387023308564
0 0.6021314106447658 0.7417757167980722 0.14950920456235509 0.18465279691210784
0 0.477626159161891 0.7390822811333753 0.13060269566510635 0.14186509618646853
0 0.3328866621276406 0.7582192054501448 0.331101397261712 0.31425599527549475
0 0.2642931710248892 0.8028620720550335 0.3214717292769344 0.3076786130615094