0 0.13910108441231825 0.789138501234271 0.16608389231879608 0.28328789152687506
0 0.4487824905340977 0.8463938356747921 0.14551672433401847 0.27656511284152785
0 0.3110861723590398 0.7712457524685419 0.22931340418179422 0.34095622758291705
0 0.8255691195070209 0.6385521533978131 0.19567323323126723 0.31988000816812523
0 0.7160429277962471 0.7548655247887159 0.20868256920082223 0.33267094889756965
0 0.5686148294694024 0.8225952726045144 0.2092900642579064 0.3092698164887501
0 0.9247865054000265 0.391406356095105 0.13833025992301273 0.4449878045209029
0 0.8135107657801498 0.33955095573451455 0.14647172927693433 0.30000261284152785
0 0.6902496793163031 0.35153984982684083 0.17168658798390252 0.4207878915268751
0 0.4957741205327852 0.23049673195131987 0.232003369581383 0.17711193313000023
0 0.3067262079852151 0.2065468196228822 0.1670442144481868 0.2302356267092362
0 0.093165068175058 0.26004910685760424 0.186330136350116 0.2325982137152085
0 0.05693179642622816 0.5178973212384028 0.11386359285245631 0.33579464247680557
0 0.557389463879533 0.5799168101235769 0.1997638725471326 0.1904107137152085
0 0.5276250039171517 0.38920023793524355 0.16908687551288218 0.20374586189159735
0 0.4131075646778358 0.4936675727570143 0.17816739825029515 0.311667464665139
0 0.2898756531188489 0.46655759925816 0.19503656326932317 0.30425500816812523
0 0.16468731072350312 0.5066533095548961 0.1858525642579063 0.30872430262104195