0 0.8364087590704926 0.21484375 0.16445440271722306 0.2796875
0 0.5229439705959054 0.16484375 0.1439236479078998 0.2734375
0 0.6660789009031246 0.23671875 0.22735619600113388 0.3359375
0 0.16253229336872882 0.38125 0.19383436787083289 0.315625
0 0.2630729519915838 0.2625 0.2067708774894797 0.328125
0 0.40512155353552987 0.19140625 0.20751492195451676 0.3046875
0 0.08217270389050033 0.63046875 0.13575402775963222 0.4421875
0 0.1971727105139223 0.6796875 0.1447421034428626 0.296875
0 0.3193106053417792 0.66484375 0.16925600852233852 0.4171875
0 0.5225943511654279 0.78125 0.23100200725639403 0.171875
0 0.7131201474445636 0.80078125 0.1657242368379741 0.2265625
0 0.914873554168502 0.7421875 0.17025289166299587 0.228125
0 0.9414757157865818 0.48359375 0.11704856842683639 0.3328125
0 0.4346726773968125 0.43359375 0.19868058057737184 0.1859375
0 0.47880216723001146 0.6234375 0.16792165389834945 0.2
0 0.5852208036203479 0.51640625 0.17637404935917864 0.3078125
0 0.7102852910064761 0.540625 0.19328873084752426 0.3
0 0.8322222891923776 0.49765625 0.18407742195451676 0.3046875