0 0.9074296404344901 0.12174444661045714 0.1851407191310198 0.24348889322091427
0 0.41610527758961985 0.12304550664386468 0.1865394448207603 0.24609101328772937
0 0.7434080840120549 0.12197226062222932 0.20380883197589003 0.24394452124445865
0 0.0819759390550091 0.36928525465468237 0.1639518781100182 0.26142949069063526
0 0.23552590569963808 0.36266144263209255 0.1885932677515388 0.26141130935708984
0 0.4015636635015542 0.36775638060950266 0.18662133197589004 0.2535806280235443
0 0.558182155699638 0.35890699725495817 0.1835782191310198 0.2551067653564534
0 0.7220399378118137 0.3609042072326865 0.19961265490666857 0.2631010786919079
0 0.8973674864323329 0.3526178978755966 0.1811902035271878 0.2691329026893626
0 0.07961782168758309 0.6153335513208187 0.15923564337516619 0.27558289735836256
0 0.22451872738722117 0.6024870112985471 0.18126544662978256 0.3003647213558171
0 0.3901470494134885 0.6153944492759572 0.18439709068231736 0.27073176535645355
0 0.5489455173013129 0.6096427939210946 0.1733777035271876 0.2690419960216353
0 0.711899218680794 0.6139928445655956 0.1811902035271876 0.26913290268936263
0 0.8830748558359236 0.6104394885423694 0.1830802521477068 0.275401084022908
0 0.07236748643233269 0.8622176419875915 0.14473497286466538 0.275564716024817
0 0.2147874440318501 0.8477631486314561 0.19278280076822557 0.28176017202418074
0 0.3722314518337662 0.8529580839433664 0.17740346223361483 0.2862658586887264
0 0.5378564518337662 0.851030862587549 0.1708259136130959 0.27994313335454457
0 0.6984664032132473 0.8554081852323684 0.16688204206179832 0.26428177068745384
0 0.8689017339459418 0.8510826698759149 0.18636902645796596 0.2785624466899989