0 0.12661850537217428 0.8729375302506209 0.1836644863511489 0.2541249394987581
0 0.6180975299792801 0.8716411123200812 0.18508143713693723 0.25100902985783763
0 0.2907173926757272 0.8727642925472612 0.20234171174404308 0.2526715238077134
0 0.923362687136937 0.6243832754770431 0.15327462572612588 0.26040221057599683
0 0.7748589904849782 0.6300388987190224 0.18708058477957223 0.26039312021691713
0 0.6081252547530017 0.6239757719610017 0.1851542117440431 0.2525715298578376
0 0.4522027404849781 0.6319160578689634 0.18210198635114896 0.2541158491396784
0 0.28795830396721345 0.6289642955723233 0.1980908593866782 0.2620192527304745
0 0.1132494023956369 0.6362324157892404 0.1796319578151016 0.2681601684215192
0 0.9135616939613627 0.3783122513747421 0.17287661207727467 0.2745101623713948
0 0.762125588294229 0.390204239078102 0.17952494995721882 0.2994010780624395
0 0.5950279795267234 0.37632861232008125 0.1828297324222074 0.26974084913967833
0 0.436616166044488 0.3811575337666625 0.17181945781510155 0.268114716626121
0 0.27304381761606455 0.3758574762904825 0.17963195781510163 0.2681601684215192
0 0.10202284222317042 0.37841537060970065 0.18148555624352505 0.2744192587805987
0 0.90859375 0.13434162110068 0.1828125 0.26868324220136
0 0.7475749749786094 0.1449099197962612 0.19115165467194845 0.28072380093507643
0 0.5894349892466331 0.14072849736772136 0.17574497849326604 0.2814569947354427
0 0.42380998924663305 0.13976037412574208 0.1692038800648426 0.2790340359079618
0 0.2625813908182096 0.1344466811109427 0.16535113399378404 0.26339085518980254
0 0.09237805272886837 0.13828125 0.18475610545773674 0.2765625