0 0.5106667830568904 0.5754021827982202 0.32872805674305994 0.14326211827801832
0 0.7951687813410308 0.2360313519475893 0.3330016827655918 0.2901371182780183
0 0.5272862625364123 0.08466802088756141 0.28966555674305994 0.14144275310037188
0 0.15817254968343086 0.11434282816454377 0.21393813103709697 0.11294957195929074
0 0.30477579889200807 0.41178925475751094 0.30472826708875883 0.17647272456432467
0 0.11476822750096483 0.2653809433421902 0.15099551332783512 0.20208053846084476
0 0.4266915659807669 0.2438311592245716 0.3757514724198929 0.2577998072769823
0 0.10835910312778545 0.6000470417706136 0.2167182062555709 0.11553091645877274
0 0.814813410795282 0.7406803105912604 0.3338200366848 0.3182621182780183
0 0.39867994543501817 0.7506997433849714 0.43520068025830944 0.31674246773989906
0 0.06265414654301014 0.7848972307695776 0.1253082930860203 0.20833053846084476
0 0.2650681603995707 0.9184223984712047 0.36020537727617324 0.1525301104201354
0 0.7511276808535419 0.9184093583577301 0.27607441818411543 0.10336055624352518