0 0.5455832169431096 0.5754021827982202 0.32872805674305994 0.14326211827801832
0 0.8110812186589692 0.2360313519475893 0.3330016827655918 0.2901371182780183
0 0.5336512374635877 0.08466802088756141 0.28966555674305977 0.14144275310037188
0 0.16526495031656913 0.11434282816454377 0.21393813103709697 0.11294957195929074
0 0.3295992011079919 0.41178925475751094 0.30472826708875883 0.17647272456432467
0 0.13054427249903516 0.2653809433421902 0.15099551332783512 0.20208053846084476
0 0.4420584340192331 0.2438311592245716 0.3757514724198929 0.2577998072769823
0 0.13402359131628894 0.6000470417706136 0.23585859514371968 0.11553091645877274
0 0.8466382854311589 0.7406803105912604 0.306723429137682 0.3182621182780183
0 0.4435075545649818 0.7506997433849714 0.43520068025830944 0.31674246773989906
0 0.09559289179114264 0.7848972307695776 0.15117736975432586 0.20833053846084476
0 0.3193068396004293 0.9184223984712047 0.36020537727617324 0.1525301104201354
0 0.8066848191464582 0.9184093583577301 0.27607441818411543 0.10336055624352518