0 0.0859375 0.0734375 0.171875 0.146875
0 0.07717047998886414 0.37819554466886596 0.1543409599777283 0.4373589106622681
0 0.8754352573201825 0.08591815030393385 0.24912948535963508 0.1718363006078677
0 0.4564307186505462 0.11381714443143909 0.24026356269890758 0.22763428886287818
0 0.24057790463877401 0.20343782419510922 0.23836635005567927 0.40687564839021845
0 0.8592444466104571 0.38892084903765733 0.24437144939526972 0.46320600831327025
0 0.6413676979630927 0.25312105601814405 0.2434811113939972 0.4538082762599588
0 0.9581064712365045 0.6851617000538717 0.07212373205758808 0.4261737065847754
0 0.821005365889596 0.789117077330045 0.24497033871736135 0.3804389724198927
0 0.4237427512730937 0.431270102732074 0.2450436113939972 0.45385374036658155
0 0.21742747457832223 0.6442344186463339 0.24126463072881527 0.4646775801000249
0 0.05994497529441088 0.7848774536817814 0.11988995058882176 0.43024509263643723
0 0.3947059478835508 0.8460372963847256 0.2408090027052709 0.29128554420664765
0 0.5994672679026408 0.699501962523777 0.24515269939526974 0.4632287403665817
0 0.17425654053950584 0.9313312533652123 0.224128938017181 0.13304113519373217