0 0.8709071579862264 0.889317307226281 0.17871581306795079 0.153878369581383
0 0.8930198682825277 0.581967722245309 0.1764085661683225 0.4391791996194391
0 0.10466165136668878 0.898095307300643 0.20932330273337757 0.20380938539871388
0 0.5011426215922964 0.8591575523205461 0.24856174028009032 0.2471773834215476
0 0.7200253622866715 0.7636845903438173 0.2526970843652876 0.4196744659310614
0 0.11940168248637932 0.5803984713310879 0.23880336497275864 0.46599105041774197
0 0.32155578308867044 0.7136407583657759 0.2590947876322752 0.4565842169196447
0 0.03185625625534765 0.2853499095818206 0.0637125125106953 0.4269564308363588
0 0.16083468445085006 0.18571599480993833 0.2580181310982999 0.37143198961987667
0 0.5451859898703149 0.5329797128909499 0.26065728763227514 0.4566478839158391
0 0.7587348753118409 0.31763991988758183 0.25726045988201635 0.46742621642535315
0 0.9267850161300505 0.1954863245636676 0.14642996773989908 0.3909726491273352
0 0.588690010753367 0.1324782830803553 0.25074497849326605 0.2649565661607106
0 0.37901529611383983 0.26683208395520774 0.2610939352749103 0.46602288391583907
0 0.8118963784122128 0.04894821748173762 0.2285509931755744 0.09789643496347523