0 0.0859375 0.0734375 0.171875 0.146875
0 0.078125 0.38046875 0.15625 0.4328125
0 0.8765625 0.096875 0.246875 0.19375
0 0.4578125 0.11875 0.2375 0.2375
0 0.24296875 0.20546875 0.23359375 0.41015625
0 0.8640625 0.4140625 0.2390625 0.45625
0 0.64453125 0.271875 0.23828125 0.446875
0 0.96640625 0.71328125 0.0671875 0.42421875
0 0.83046875 0.81328125 0.240625 0.3734375
0 0.42890625 0.44375 0.23984375 0.446875
0 0.225 0.65078125 0.2359375 0.4578125
0 0.06328125 0.78671875 0.1265625 0.4265625
0 0.4046875 0.8578125 0.2375 0.284375
0 0.6078125 0.7171875 0.23984375 0.45625
0 0.18515625 0.93671875 0.22265625 0.1265625