0 0.6225237380626398 0.835406476871382 0.12195189034162972 0.27224892126547395
0 0.304427654070251 0.8440816420477762 0.11441130437207461 0.2596261903401974
0 0.4066440700778623 0.845420225246529 0.11839580882069889 0.2807744874180983
0 0.512240154070251 0.840454261367381 0.12061222482831013 0.2776903977265238
0 0.2267642049822845 0.6042027102289953 0.11779097235685221 0.2659307374180983
0 0.3233354574537425 0.5908066375835493 0.11335814034162972 0.27209891680124726
0 0.4182168759328116 0.5805628384770538 0.12195189034162972 0.2722489212654741
0 0.5238447934232976 0.5748156245979058 0.13720947581689327 0.2826642698855023
0 0.6279102109137835 0.5690956842577082 0.12373722482831014 0.2777449448044244
0 0.732805957948034 0.5813172203785604 0.12392822581689326 0.2824324448044244
0 0.8252972054765761 0.5914131948110151 0.11329447334543516 0.2705364168012473
0 0.10684958889812361 0.3666226639618735 0.1237372248283101 0.2777449448044244
0 0.20404292387909556 0.3571192045469524 0.11032864083592138 0.27438811972334654
0 0.2974891763505535 0.3437776789794072 0.11657864083592137 0.27449721387914794
0 0.3934383463124974 0.32648899310343643 0.11898605783211576 0.27610062418757336
0 0.48972309730108055 0.3201241704579905 0.11358097482831013 0.2775676668012473
0 0.5961640982896638 0.3135820698093674 0.1276925543720747 0.25985801542127546
0 0.6935656803048862 0.3181274736249712 0.11335814034162972 0.27209891680124726
0 0.7900586783277198 0.32581151421005006 0.11629213935304676 0.26746596387914795
0 0.8773212563886096 0.3492705592593559 0.10023605783211557 0.2757733417201694