0 0.29364389817385783 0.8388923137358677 0.1266814102692299 0.2728945989738197
0 0.6114306376505141 0.8346165089306246 0.11892211817585512 0.26023094481350706
0 0.5089048771271705 0.840123586152951 0.12327568920842502 0.28139742999586803
0 0.4036181376505141 0.8394533985576386 0.12543742868508137 0.278326981382639
0 0.7129909505788148 0.5911736738245132 0.12241113922254243 0.266553679995868
0 0.6175797400413536 0.5816915306821174 0.11808766026922993 0.2726945772223264
0 0.5235490189805488 0.5752980199485412 0.1266814102692299 0.2728945989738195
0 0.4183077821347284 0.5738465823532287 0.14211669447009695 0.2833963410900349
0 0.31462904528890806 0.5723587771667358 0.12856242868508136 0.27839971656499996
0 0.2083412479338614 0.5888760895714235 0.12883544447009693 0.28308721656499997
0 0.11468995847132255 0.6027587112466666 0.11799665500755804 0.27113207722232635
0 0.8566477582454436 0.348311413756527 0.1285624286850812 0.27839971656500007
0 0.7602277845538028 0.3427537044097216 0.11509916816173771 0.2749655920399654
0 0.6679415740163417 0.3331988260849647 0.12134916816173771 0.27511106240468763
0 0.5735391266330602 0.3197922491469787 0.12378392342340945 0.27672811379145834
0 0.4777183924180758 0.3173413560045829 0.11840617868508137 0.27816332722232645
0 0.3717414082030913 0.3151268522048608 0.13220336817585512 0.2605400693385418
0 0.27372113715640395 0.32364982665364556 0.11808766026922993 0.2726945772223265
0 0.17630010558637282 0.3352796173068401 0.12093964448421435 0.26807981240468753
0 0.08656277139962323 0.3623343862085416 0.10503392342340952 0.2762917026972918