0 0.352432048892008 0.43505433254066006 0.29340695150370333 0.5853433136389585
0 0.5512583423072328 0.5069150680073615 0.21533812430667237 0.4781289192622918
0 0.7412923089211378 0.5316644141313895 0.21157662681395487 0.4561811840799308
0 0.8708063126820615 0.5675136079949661 0.19968438057487853 0.42311411094166684
0 0.2135992179340534 0.5045284183123613 0.24727008590601257 0.5022937710859029
0 0.1103090818823915 0.5615395248856251 0.20492581004176516 0.4154288975107988
0 0.28203801471449036 0.7586359964846183 0.15163670783841657 0.05974128875333342
0 0.3881205301538966 0.7399970588893059 0.17410274122451136 0.0805629350298613
0 0.5893193173009152 0.7571884781515977 0.1590400308788123 0.045860626709236206
0 0.47620555186150887 0.7756637615865977 0.13008831677218957 0.04362532627239588
0 0.7171942647144904 0.7687643706284033 0.15770485141192586 0.053636759118055724