0 0.28131349914207016 0.1729390253125615 0.17623485721791354 0.3167758161494016
0 0.5210890529821361 0.17897080362034784 0.17793374953778168 0.3215178798517324
0 0.7631174286089568 0.18195942748163052 0.17935985721791353 0.31688494355406327
0 0.20419603582687032 0.4730630216843644 0.16924907132453626 0.31809277948891274
0 0.3672499652937569 0.47095242857793884 0.17062971489804557 0.3118973431912435
0 0.5258664473470682 0.4772718943645208 0.17449050079142286 0.31047125244707063
0 0.6884346435070023 0.48529026940692976 0.1635984648980454 0.3116518065307547
0 0.8509346435070023 0.4909648944493387 0.17384564311129083 0.31513147059590524
0 0.13962403661829312 0.7751860276748143 0.18092235721791355 0.3169395072563942
0 0.2981268584050477 0.7775992434613961 0.16511550079142284 0.3101438702330855
0 0.45683426867160454 0.787043709247978 0.1709024995377817 0.3212723431912437
0 0.6091552866182932 0.7915824202252364 0.16407583801758358 0.3280580565307547
0 0.7640473750980952 0.804015476755991 0.16637412391096085 0.326577402084251
0 0.9200494604113733 0.8065378199472345 0.15990107917725355 0.3298660931912437