0 0.2689575535574379 0.15600569138106965 0.18166964681406564 0.3120113827621393
0 0.5089104654680966 0.15183156815275917 0.1834504706353833 0.30366313630551833
0 0.7513526765929672 0.14371027214770055 0.18479464681406554 0.2874205442954011
0 0.16890177977890156 0.4597494783156356 0.17471117142117149 0.31809277948891274
0 0.3325469028144309 0.4462350714220612 0.17598257299274805 0.3118973431912437
0 0.491104265510878 0.44147810563547923 0.17981604838564208 0.31047125244707063
0 0.6534951036002191 0.43814723059307026 0.16895132299274812 0.3116518065307547
0 0.8159951036002191 0.43247260555066125 0.17925312220695985 0.31513147059590524
0 0.08722590240014609 0.7670014723251859 0.17445180480029218 0.316939507256394
0 0.2400125306074711 0.7583382565386039 0.17044104838564217 0.31014387023308565
0 0.39842434408970645 0.7567062907520221 0.17641922063538323 0.3212723431912437
0 0.5508044813932594 0.7506050797747637 0.1697154563673596 0.3280580565307547
0 0.705164495661283 0.7522345232440089 0.17198643176025374 0.326577402084251
0 0.8670287948754947 0.7434621800527653 0.17681948097446565 0.3298660931912437