0 0.7234375 0.16328125 0.1671875 0.3109375
0 0.48359375 0.1609375 0.16875 0.315625
0 0.24140625 0.15546875 0.1703125 0.3109375
0 0.809375 0.46640625 0.16015625 0.3125
0 0.64609375 0.45859375 0.16171875 0.30625
0 0.4875 0.459375 0.165625 0.3046875
0 0.325 0.46171875 0.1546875 0.30625
0 0.1625 0.46171875 0.16484375 0.309375
0 0.8828125 0.77109375 0.171875 0.3109375
0 0.72421875 0.76796875 0.15625 0.3046875
0 0.565625 0.771875 0.16171875 0.315625
0 0.41328125 0.77109375 0.1546875 0.32265625
0 0.25859375 0.778125 0.15703125 0.32109375
0 0.096875 0.775 0.16171875 0.32421875