0 0.6485031559632644 0.6067246285602441 0.29003669253239633 0.5934002764579661
0 0.4461580995425004 0.529014629126071 0.2125818801277088 0.484000943011738
0 0.2550603208571532 0.49871189620024126 0.20894773385118093 0.4619621687014785
0 0.12382785144236148 0.45906181874690705 0.19724651443638924 0.4285764586155702
0 0.7835308129733685 0.5412335046340975 0.24437739399541697 0.5090761861143329
0 0.8837113445085073 0.4871811697175312 0.2025334264804865 0.4210505636585243
0 0.7018761969977085 0.28491822761030444 0.15130923328249998 0.06411116689245625
0 0.596898409478646 0.3004845946390462 0.1736570119678472 0.08557008706427274
0 0.3950449687492016 0.27742115162730824 0.15879442496187507 0.05045810266810493
0 0.507054006268264 0.26222327679665036 0.1298518073706944 0.047380690298204534
0 0.2667199469977085 0.2621126549066686 0.15741376291777787 0.05818871551297518