0 0.16538764768164144 0.4819243356343847 0.2047948597327324 0.523517140826665
0 0.09024567402125898 0.5550948287345259 0.18049134804251796 0.46617224512873606
0 0.2742267954004639 0.5698043908299603 0.19284666357333435 0.38356429667086367
0 0.35223639026726766 0.5137941241908688 0.2160494002274614 0.32073306006354424
0 0.3889246012554133 0.30314695048976265 0.27904278463759213 0.5638478603878557
0 0.6362306827763441 0.30741784456613375 0.28761928859192487 0.5827342280826074
0 0.5506619614080751 0.5681019744357501 0.22582896543676992 0.23502738514462215
0 0.43557683638948463 0.7676264618538484 0.23275408056952873 0.38582227191409724
0 0.6372520829294436 0.7805007885597794 0.22435399015134933 0.35210579098882067
0 0.7813919910655704 0.4235495848269011 0.2608366126984819 0.538547851459402
0 0.8387813853243518 0.5287222800383626 0.23341726684309486 0.47873647483619663