0 0.8389180592034474 0.863897332717167 0.2562048735357159 0.20219616252983136
0 0.8372852109137835 0.5403699414846725 0.26089100942872107 0.45116020140496077
0 0.8183640449433535 0.16558418879407624 0.25389691011329313 0.3311683775881525
0 0.953751105209746 0.2464315428085801 0.08562175399151357 0.4172645827126577
0 0.6140175127772192 0.6997043618723868 0.2539234264249156 0.45239521567298446
0 0.5957621916735928 0.2482895651393744 0.2628845909496519 0.44267561331561955
0 0.39167155235772716 0.14026642524879632 0.25646881178644837 0.28053285049759263
0 0.18017031965793276 0.06329728959900052 0.2380968606841345 0.12659457919800104
0 0.0630779791254757 0.2083893406741118 0.1261559582509514 0.4167786813482236
0 0.06907068735783659 0.61905390694826 0.13814137471567317 0.4595120487999271
0 0.21073859285245633 0.33952045657675656 0.2621006823564147 0.48084770140496086
0 0.40714938334718537 0.5331119830458892 0.26087376338305396 0.46987381410140794
0 0.42512481464065477 0.8574377409037719 0.24111838441013073 0.25295814185166704
0 0.21257041791041545 0.7729857739879333 0.2589783409496521 0.4424936767978549