0 0.18989837993655043 0.4997792891075596 0.1531275223173366 0.31824654691210785
0 0.14683294853302273 0.8306820595259795 0.12323912567538117 0.28911211841898704
0 0.26162213483069185 0.8331299916472975 0.1079861479078998 0.27687501324684405
0 0.834198929126093 0.180508544086519 0.15286213828925313 0.2659573606144387
0 0.778886435749515 0.2277357189514428 0.18037950308004297 0.2942286935540633
0 0.5967460583448533 0.21825404762989806 0.1930332705032381 0.2767237350238756
0 0.5108432746795893 0.17155760770403186 0.1823239489963589 0.30522075725639414
0 0.9435566371929447 0.697763020672874 0.10833088828925312 0.26440229509800944
0 0.8965650753047122 0.7374777959006176 0.12907989790789998 0.27761162322831046
0 0.819035297629898 0.6177258018910673 0.11258433475372306 0.07337799101432534
0 0.7581052652305784 0.8169147808396751 0.18043406678237375 0.29579119355406325
0 0.7703993901881695 0.65504226341648 0.13267857994439963 0.06783731914462657
0 0.5909177652305785 0.8110764646902735 0.17160470380568232 0.31108881134007793
0 0.6413393727649743 0.6684822261230189 0.14328126324684387 0.10332095135861152
0 0.7008011636018143 0.5613170560674186 0.13561758538669527 0.19668900544229562
0 0.5688244773041452 0.5582689232204612 0.14121282095872498 0.17815726025161904
0 0.48561021713734426 0.744975260336437 0.15938495680090714 0.2739881154237622
0 0.4460095145976063 0.6835094814804965 0.13728177830778635 0.24434525544229563