0 0.19277502079742773 0.5027985306418377 0.15495273273697552 0.32073298111680726
0 0.1516485909868331 0.8327449802122964 0.12490047680547645 0.2910930687469069
0 0.26642867399063874 0.8372011861143329 0.10957922433401848 0.27859639077317444
0 0.8350819486308559 0.19500363579633337 0.15438238836446344 0.26847111827193715
0 0.7800562090109793 0.24123350463409743 0.18205906079786516 0.297206949909143
0 0.5978976250185906 0.22856865106148133 0.1946081403416297 0.2799342407277458
0 0.5117399491251475 0.18039674468447472 0.18406722977122597 0.3082263370642727
0 0.9462545355982895 0.7138565343714239 0.10749092880342097 0.2661373343507393
0 0.9006843157779623 0.7527242825624015 0.13067297433401848 0.2797018673674261
0 0.8224717910633828 0.6316880862713032 0.11298943133065045 0.07530429443664755
0 0.7627160835724592 0.829688495023159 0.18212272779405952 0.2987694499091429
0 0.7740634659682426 0.6681301973071511 0.13304726334587294 0.07011882745333438
0 0.5955285835724593 0.8209265694242756 0.1733843977560035 0.31390312697836437
0 0.6451081364244781 0.6793023134313817 0.14385477076024672 0.10576640038411292
0 0.7039326966908707 0.5732437432141367 0.1367372905319101 0.19894319029820445
0 0.571965113687065 0.5678867786056726 0.14222328657757738 0.18052073891872347
0 0.4898569037246836 0.7530220171857118 0.16095072334543534 0.27661116689245624
0 0.4499057243711996 0.6909004754625979 0.13867913391583908 0.24659944029820444