0 0.8566506367760658 0.9312176403970515 0.1661801534085665 0.08231897059590523
0 0.8871523888046606 0.8388019619039309 0.18279668344033873 0.18439982576804823
0 0.9205121339333967 0.6721129697084791 0.13800238068039547 0.2125049784004535
0 0.9381707869349263 0.4208679282386668 0.11409905072805344 0.363921145460829
0 0.860799357955519 0.12949461874528465 0.27762003408896196 0.2589892374905693
0 0.5922539094976467 0.12288439537601104 0.32486718100470674 0.24576879075202207
0 0.296269253653448 0.12180430617185962 0.3246489926931041 0.24360861234371925
0 0.09609375 0.134375 0.1921875 0.26875
0 0.12665959222896575 0.4283109945577044 0.2533191844579315 0.35978426088459126
0 0.3406333137202875 0.3902033262313846 0.2495592637964224 0.3413244375636135
0 0.5789827475676633 0.3779761116259291 0.2582893814911742 0.3494370379264332
0 0.6119144297934813 0.6383853327699885 0.2048995543815014 0.242948935749515
0 0.7929673810907276 0.41969235255543647 0.22743484780595402 0.3710020138798161
0 0.7561087146965175 0.6973734084532189 0.19337567329406902 0.20897323983319893
0 0.7316290917267599 0.8473560502858508 0.1443148360381265 0.1268402969121077
0 0.7106659809318672 0.9300693465649866 0.13513470495069413 0.0929464465492881
0 0.5936029862068729 0.7928372197932971 0.1540404379045656 0.1919841472749276
0 0.585897806012945 0.9211531927514551 0.135611991882325 0.1202901965492881
0 0.4220297694850558 0.6473585726031874 0.19117797361838065 0.2619891124285374
0 0.43466831696999364 0.8179066855798791 0.15087452759614006 0.18953126987026608
0 0.4513455280097678 0.9360019211519088 0.13133754910649548 0.09906003729346083
0 0.23734112378712693 0.6717658394782285 0.19443934131313229 0.2699107398331989
0 0.08549658614235725 0.7148040552648103 0.1709931722847145 0.31177085761921397
0 0.14520066802565385 0.8959424386599218 0.15811032913826764 0.20149555653075452
0 0.29603646510355447 0.8875520413849942 0.16760806006354426 0.20885418874473985