0 0.87578125 0.8741045448435554 0.2484375 0.1993006286706059
0 0.8609375 0.5504041500156984 0.24296875 0.44832840571244803
0 0.82578125 0.1696998532732266 0.2390625 0.3393997065464532
0 0.965625 0.25768588195953107 0.06875 0.4164633029025576
0 0.64375 0.7072072546396874 0.2359375 0.44964536905195923
0 0.60703125 0.2553645016444625 0.2453125 0.4398165012659443
0 0.39765625 0.14187126123209332 0.24453125 0.28374252246418663
0 0.1828125 0.0636842713254693 0.2328125 0.1273685426509386
0 0.06328125 0.20839161703720865 0.12578125 0.4167832340744173
0 0.07734375 0.6199553467346226 0.15390625 0.4577182746795893
0 0.225 0.34214282686435676 0.24296875 0.47801590571244806
0 0.4296875 0.5381199818590147 0.2421875 0.46705112386128267
0 0.4609375 0.8628099578123976 0.23125 0.2502629279449664
0 0.24453125 0.7758357805852211 0.24140625 0.43968009201011726