0 0.9375 0.396875 0.125 0.33515625
0 0.83359375 0.65390625 0.11015625 0.42890625
0 0.93828125 0.7125 0.11953125 0.30859375
0 0.7234375 0.70546875 0.11640625 0.35078125
0 0.61171875 0.7203125 0.10625 0.29296875
0 0.50390625 0.3578125 0.11796875 0.3328125
0 0.39453125 0.64765625 0.11796875 0.4234375
0 0.50390625 0.69609375 0.11953125 0.34765625
0 0.28046875 0.6421875 0.11796875 0.44296875
0 0.1671875 0.421875 0.11171875 0.26796875
0 0.059375 0.696875 0.11796875 0.34296875
0 0.171875 0.70546875 0.1171875 0.3140625