0 0.8734375 0.03828125 0.16484375 0.0765625
0 0.90234375 0.1296875 0.1796875 0.178125
0 0.9328125 0.2953125 0.134375 0.2078125
0 0.94609375 0.54609375 0.1078125 0.36015625
0 0.86328125 0.8578125 0.27265625 0.284375
0 0.59453125 0.86953125 0.3203125 0.2609375
0 0.2984375 0.87578125 0.3203125 0.2484375
0 0.09609375 0.865625 0.1921875 0.26875
0 0.12890625 0.5671875 0.2578125 0.35078125
0 0.34765625 0.59765625 0.24375 0.3328125
0 0.5859375 0.6015625 0.25234375 0.340625
0 0.6234375 0.33984375 0.20078125 0.2359375
0 0.80078125 0.55234375 0.22109375 0.36328125
0 0.76875 0.27578125 0.18984375 0.20234375
0 0.746875 0.1265625 0.1421875 0.121875
0 0.72734375 0.04453125 0.13359375 0.08828125
0 0.6078125 0.1859375 0.15078125 0.18671875
0 0.60234375 0.0578125 0.13359375 0.115625
0 0.43359375 0.3375 0.18671875 0.25546875
0 0.44921875 0.16640625 0.14765625 0.184375
0 0.46796875 0.04765625 0.1296875 0.09453125
0 0.24921875 0.31953125 0.18984375 0.26328125
0 0.090625 0.28203125 0.18046875 0.30546875
0 0.1609375 0.0984375 0.1546875 0.19609375
0 0.31171875 0.1015625 0.1640625 0.203125