0 0.05649152999235446 0.39869356426490726 0.11298305998470892 0.3387933785298145
0 0.13213647557819885 0.6587481773553157 0.13263427408311687 0.43211146951689905
0 0.04611509441494807 0.7142958322115959 0.09223018882989614 0.312071754156635
0 0.23959044945891703 0.7135158968722146 0.1347899163266293 0.35416832594338976
0 0.35053127148518437 0.7316103304957362 0.12160384158682849 0.29606030925034227
0 0.4773415914752868 0.37224735385270125 0.1354107140426372 0.33624504005001243
0 0.571526524198718 0.6652735913162889 0.14016016904016268 0.4268700400500126
0 0.4596130223896956 0.7105286038527012 0.1377511420163698 0.351134254156635
0 0.685875629241672 0.6631237210997447 0.14118375847928472 0.44640129005001244
0 0.8107029681149669 0.44610736882988905 0.1257623971047522 0.27121943362352174
0 0.9041033288121307 0.724244392186854 0.1359429805509805 0.3464012900500123
0 0.7911529494589171 0.729564726510021 0.1336468181810801 0.3174723079967011