0 0.17265625 0.49375 0.1421875 0.31328125
0 0.11796875 0.8265625 0.11328125 0.28515625
0 0.2328125 0.825 0.0984375 0.2734375
0 0.82890625 0.1515625 0.14375 0.2609375
0 0.771875 0.20078125 0.1703125 0.28828125
0 0.58984375 0.19765625 0.18359375 0.2703125
0 0.50546875 0.15390625 0.171875 0.29921875
0 0.9203125 0.665625 0.09921875 0.2609375
0 0.871875 0.70703125 0.11953125 0.2734375
0 0.7984375 0.58984375 0.11015625 0.06953125
0 0.73046875 0.79140625 0.1703125 0.28984375
0 0.7484375 0.62890625 0.13046875 0.06328125
0 0.56328125 0.79140625 0.1609375 0.30546875
0 0.61875 0.646875 0.13984375 0.0984375
0 0.68203125 0.5375 0.12890625 0.1921875
0 0.55 0.5390625 0.13515625 0.1734375
0 0.46015625 0.72890625 0.15 0.26875
0 0.42265625 0.66875 0.12890625 0.23984375