0 0.938167005097467 0.39142078455222934 0.12366598980506609 0.3358834787263694
0 0.83739806527482 0.6490565434310239 0.11265155356735512 0.42954712031511305
0 0.9408815778905968 0.7070412393726896 0.11823684421880643 0.30928916246959093
0 0.7275417971244474 0.701259913746137 0.11844703561337422 0.3514584817514315
0 0.6159094055357037 0.7167536244203296 0.10795444232742835 0.2935868944174141
0 0.5059879422292324 0.3548808591968233 0.11990499648395847 0.3334988221105112
0 0.39829920383850154 0.6453609343323965 0.12043223731057644 0.42412382211051103
0 0.5079560049699697 0.6931621091968233 0.121553854895215 0.3483516624695907
0 0.28420488758172285 0.6405557805452087 0.12054586679907162 0.4436550721105112
0 0.16964189695149678 0.4209023315784809 0.11327774658215448 0.2686187106741926
0 0.06342930014950951 0.6965295663549745 0.1199640838179761 0.3436550721105112
0 0.17597929712444743 0.7044688105012421 0.11901466217500314 0.3147442769309713