0 0.874774310707106 0.05352715827324005 0.16751737141421189 0.07943985835926086
0 0.906872537293461 0.14543796874382134 0.18590776206571746 0.1812614569792891
0 0.9361545267677649 0.31159480275335294 0.1276909464644703 0.2101580243497292
0 0.9524845236355015 0.5626078778344309 0.09503095272899706 0.36203812418757336
0 0.875971650333766 0.8641570069983228 0.2480566993324679 0.2716859860033544
0 0.6248959503471212 0.8733222719140972 0.32942463828925295 0.25335545617180555
0 0.3290204551564447 0.8769881040985525 0.3289881286706061 0.24602379180289483
0 0.12632204109129413 0.865625 0.20157245680090718 0.26875
0 0.14871287394610067 0.5694375669634031 0.2700620511732771 0.3552813839268062
0 0.36852686614155233 0.6037246124164507 0.25537206859647227 0.33706717207625303
0 0.6069445253973795 0.6117900771063776 0.26423863710812656 0.3450296765404799
0 0.6353051052569612 0.35072589204118565 0.20902036905195925 0.23944214975511874
0 0.8200695187739575 0.5663214387120492 0.2337798107919241 0.3671404557614732
0 0.7783804934613962 0.2891998311635673 0.19690974945184578 0.20565748498246633
0 0.7512946598887994 0.1395992516182625 0.1464434687818068 0.12435689204448094
0 0.7288988155164293 0.057227082381383264 0.13667659918169334 0.09061313758025406
0 0.6143055805773718 0.19654690665168226 0.1573016124285372 0.1893506465087078
0 0.6043626069862416 0.06832644926535605 0.13763146397248321 0.11795688758025406
0 0.44537950970346485 0.3450684070587194 0.1956399153310949 0.2587279379045656
0 0.45502978429823615 0.17424739244822274 0.1540947668750409 0.18695234943080713
0 0.4696329429210911 0.05582467491562683 0.13298860399101678 0.0967949537328782
0 0.26037702712666 0.3238813794625792 0.1990377338427492 0.26659498498246637
0 0.10047374827071949 0.28361311525911975 0.19113595380568232 0.30861884374876425
0 0.16437501324684392 0.101246674511885 0.16153524464252245 0.19879383035608367
0 0.3152653906515056 0.10700357102059284 0.17115578130301126 0.2059887215897857