0 0.8289603551063426 0.48515625 0.19873329750535262 0.5203125
0 0.9052704540109857 0.55703125 0.1791051076136249 0.46328125
0 0.7190745412371466 0.575 0.188414259962623 0.38046875
0 0.6417020475053528 0.5203125 0.21235421364440424 0.3171875
0 0.6074621251646022 0.31015625 0.27252615017091986 0.559375
0 0.36005592775102696 0.31875 0.2808842194503921 0.578125
0 0.44260296945039207 0.578125 0.22313493778015675 0.23125
0 0.5553854289381611 0.77578125 0.2283034740692454 0.38203125
0 0.3535190520576993 0.7921875 0.22029474577685787 0.3484375
0 0.21351119985435071 0.4375 0.254611224464957 0.534375
0 0.15488400910469302 0.54375 0.2278835884132951 0.475