0 0.1745843575451867 0.5123176719375605 0.1569762974816425 0.3110380148307229
0 0.12414838636243808 0.1742954971713296 0.12682514731948671 0.2843027980082102
0 0.23740236282348773 0.17207394613805732 0.11643707223840885 0.27096246067419266
0 0.8429481684195098 0.8444008596878027 0.1576933177741818 0.2626096051898024
0 0.7843310990204747 0.7986434529737485 0.18469219439738752 0.28776414129415606
0 0.6046026887120493 0.7973450942679046 0.20966492085843705 0.28634708703942985
0 0.5123703242637084 0.8400734706331419 0.16407573132901837 0.3149851714465811
0 0.6830840190681329 0.951591711852543 0.13111936079489298 0.08278574980360816
0 0.9261899476437983 0.3313645285021051 0.11146320007943018 0.25452893959695383
0 0.8778791327089902 0.2941417844540335 0.1265115016215578 0.2663340480082102
0 0.8025127142828896 0.4078730072284745 0.11465856371699204 0.07956530103327228
0 0.7586575742670038 0.35734174210316405 0.1497875401780419 0.07820733411256367
0 0.7286410174498703 0.2043758233870574 0.17145185470581303 0.29003062324197926
0 0.5685256777582959 0.2076513351927182 0.1683814017837136 0.2931374425238201
0 0.6870201278377261 0.4608939889799061 0.13818361282348768 0.17422381606038684
0 0.619458706572252 0.35033828406125006 0.13538016680124726 0.10312097570130732
0 0.5594854630650737 0.4506973532448949 0.15335464529089188 0.19306017447164336
0 0.46494275608578467 0.27154163925105257 0.16189957670263572 0.2798198310875016
0 0.42682119317957135 0.325675148228043 0.1364632000794302 0.25467438534222764