0 0.17695350465274345 0.496365307737216 0.15878146684934052 0.31898376038216936
0 0.14029583814333402 0.8320529077795683 0.12847571779927108 0.2906921604104042
0 0.25361345573451455 0.8402132892507774 0.11801034327423636 0.27681937620953717
0 0.8316344725489238 0.19901403868608 0.15921657152274307 0.2706372656438412
0 0.7748948164887501 0.2417405940042216 0.18636095298163227 0.29718435509226265
0 0.5952618678755209 0.23361873891195892 0.2113245853904516 0.29707793927901216
0 0.501311192913646 0.18601642584248393 0.16590363582729192 0.3232995340596927
0 0.6674427263486459 0.08334499410304363 0.13159679853697917 0.08958468671876348
0 0.9357505424561463 0.7168833491247192 0.11294098356684046 0.2601401104245216
0 0.8889671146444798 0.7516076886437277 0.12805749050069473 0.2727234104104042
0 0.8089867142838895 0.6338216781909711 0.1151178133546182 0.08550413147120892
0 0.7671999109972575 0.6821002834949953 0.15023769576343754 0.08598924985882554
0 0.743420184932952 0.8336326914157379 0.1731342543684029 0.298754560368052
0 0.5832093835461812 0.8219609020943734 0.17008198955076406 0.30169754984470815
0 0.6913621499793408 0.5746980361964183 0.13919305262104195 0.18130945513461505
0 0.6283192489531603 0.6818133152062008 0.13597582722232637 0.11012469987294313
0 0.5642729731176046 0.5782186073701627 0.1544732137152085 0.20092400512049746
0 0.4770489961033686 0.7525822995623596 0.1635228650257293 0.2880522787980208
0 0.4367318142076394 0.6964009180205633 0.13794098356684045 0.2615961946112712