0 0.165625 0.48671875 0.1515625 0.31015625
0 0.12109375 0.825 0.121875 0.28359375
0 0.234375 0.8265625 0.11171875 0.2703125
0 0.828125 0.15078125 0.153125 0.26171875
0 0.7703125 0.196875 0.1796875 0.28671875
0 0.590625 0.19921875 0.2046875 0.28515625
0 0.49765625 0.15703125 0.15859375 0.3140625
0 0.66640625 0.04453125 0.1296875 0.08203125
0 0.9203125 0.66328125 0.10703125 0.25390625
0 0.87265625 0.70078125 0.121875 0.265625
0 0.7953125 0.5875 0.11328125 0.07890625
0 0.75234375 0.63828125 0.1484375 0.07734375
0 0.725 0.79140625 0.16640625 0.2890625
0 0.56484375 0.7890625 0.16328125 0.2921875
0 0.67890625 0.53515625 0.13515625 0.1734375
0 0.61328125 0.64609375 0.13359375 0.10234375
0 0.5515625 0.54609375 0.15 0.1921875
0 0.46015625 0.72578125 0.15703125 0.27890625
0 0.42109375 0.671875 0.13203125 0.25390625